000000	000000
000001	000000
000002	000000
000003	000000
000004	000000
000005	000000
000006	000000
000007	000000
000008	000000
000009	000001
000010	223017
000011	099015
000012	8842860
000013	416899
000014	045631
000015	125290
000016	205909
000017	005320
000018	002941
000019	005212
000020	001366
000021	001104
000022	002360
000023	001680
000024	004790
000025	008269
000026	002647
000027	002858
000028	000300
000029	000131
000030	000103
000031	000086
000032	000067
000033	000069
000034	000076
000035	000092
000036	000134
000037	000230
000038	000298
000039	000168
000040	000142
000041	000158
000042	000095
000043	000063
000044	000052
000045	000036
000046	000034
000047	000025
000048	000023
000049	000018
000050	000013
000051	000015
000052	000021
000053	000021
000054	000015
000055	000008
000056	000019
000057	000010
000058	000011
000059	000008
000060	000009
000061	000009
000062	000008
000063	000007
000064	000005
000065	000006
000066	000005
000067	000005
000068	000005
000069	000009
000070	000006
000071	000010
000072	000006
000073	000004
000074	000007
000075	000006
000076	000004
000077	000008
000078	000001
000079	000004
000080	000009
000081	000005
000082	000004
000083	000001
000084	000004
000085	000003
000086	000003
000087	000002
000088	000001
000089	000002
000090	000003
000091	000001
000092	000003
000093	000005
000094	000001
000095	000003
000096	000002
000097	000004
000098	000002
000099	000002
000100	000002
000101	000004
000102	000003
000103	000002
000104	000000
000105	000005
000106	000001
000107	000000
000108	000002
000109	000002
000110	000000
000111	000000
000112	000000
000113	000001
000114	000003
000115	000001
000116	000001
000117	000001
000118	000001
000119	000001
000120	000002
000121	000002
000122	000001
000123	000001
000124	000000
000125	000000
000126	000000
000127	000000
000128	000001
000129	000000
000130	000001
000131	000001
000132	000000
000133	000000
000134	000000
000135	000001
000136	000001
000137	000001
000138	000000
000139	000001
000140	000002
000141	000002
000142	000001
000143	000002
000144	000001
000145	000000
000146	000002
000147	000002
000148	000002
000149	000002
000150	000001
000151	000000
000152	000000
000153	000000
000154	000001
000155	000001
000156	000000
000157	000002
000158	000000
000159	000000
000160	000001
000161	000001
000162	000000
000163	000000
000164	000003
000165	000000
000166	000001
000167	000000
000168	000000
000169	000001
000170	000000
000171	000001
000172	000000
000173	000001
000174	000000
000175	000001
000176	000000
000177	000000
000178	000001
000179	000002
000180	000002
000181	000000
000182	000000
000183	000000
000184	000002
000185	000000
000186	000000
000187	000001
000188	000001
000189	000001
000190	000002
000191	000000
000192	000000
000193	000000
000194	000000
000195	000000
000196	000000
000197	000001
000198	000000
000199	000000
000200	000000
000201	000001
000202	000000
000203	000000
000204	000000
000205	000000
000206	000000
000207	000000
000208	000000
000209	000000
000210	000001
000211	000000
000212	000000
000213	000000
000214	000000
000215	000000
000216	000001
000217	000000
000218	000000
000219	000000
000220	000000
000221	000001
000222	000001
000223	000000
000224	000000
000225	000000
000226	000000
000227	000000
000228	000000
000229	000000
000230	000000
000231	000001
000232	000000
000233	000001
000234	000000
000235	000000
000236	000001
000237	000001
000238	000000
000239	000000
000240	000001
000241	000000
000242	000001
000243	000000
000244	000000
000245	000001
000246	000000
000247	000000
000248	000001
000249	000001
000250	000000
000251	000000
000252	000000
000253	000000
000254	000000
000255	000001
000256	000000
000257	000000
000258	000001
000259	000000
000260	000000
000261	000000
000262	000000
000263	000000
000264	000000
000265	000000
000266	000000
000267	000000
000268	000000
000269	000000
000270	000000
000271	000000
000272	000000
000273	000000
000274	000000
000275	000000
000276	000001
000277	000000
000278	000000
000279	000000
000280	000000
000281	000000
000282	000000
000283	000000
000284	000000
000285	000000
000286	000000
000287	000000
000288	000000
000289	000000
000290	000000
000291	000000
000292	000000
000293	000000
000294	000000
000295	000000
000296	000000
000297	000000
000298	000000
000299	000000
000300	000000
000301	000000
000302	000000
000303	000000
000304	000000
000305	000000
000306	000000
000307	000000
000308	000001
000309	000000
000310	000000
000311	000000
000312	000000
000313	000000
000314	000000
000315	000000
000316	000000
000317	000000
000318	000000
000319	000000
000320	000000
000321	000000
000322	000000
000323	000000
000324	000000
000325	000000
000326	000000
000327	000000
000328	000000
000329	000001
000330	000000
000331	000000
000332	000000
000333	000000
000334	000000
000335	000000
000336	000000
000337	000000
000338	000000
000339	000000
000340	000000
000341	000000
000342	000000
000343	000000
000344	000000
000345	000000
000346	000000
000347	000000
000348	000000
000349	000000
000350	000000
000351	000000
000352	000000
000353	000000
000354	000000
000355	000000
000356	000000
000357	000000
000358	000000
000359	000000
000360	000000
000361	000000
000362	000000
000363	000000
000364	000000
000365	000000
000366	000000
000367	000000
000368	000000
000369	000000
000370	000000
000371	000000
000372	000000
000373	000000
000374	000000
000375	000000
000376	000000
000377	000000
000378	000000
000379	000000
000380	000000
000381	000000
000382	000000
000383	000000
000384	000000
000385	000000
000386	000000
000387	000000
000388	000000
000389	000000
000390	000000
000391	000000
000392	000000
000393	000000
000394	000000
000395	000000
000396	000000
000397	000000
000398	000000
000399	000000
