000000	000000	000000	000000	000000
000001	000000	000000	000000	000000
000002	000000	000000	000000	000000
000003	000000	000000	000000	000000
000004	000000	000000	000000	000000
000005	000000	000000	000000	000000
000006	000000	000000	000000	000000
000007	000000	000000	000000	000000
000008	000000	000000	000000	000000
000009	000000	000001	000003	000002
000010	049398	223017	109949	165760
000011	208503	099015	117235	189894
000012	9113103	8842860	8675504	8617039
000013	184072	416899	485450	589326
000014	033825	045631	234475	041623
000015	271457	125290	122890	139823
000016	102350	205909	200775	211463
000017	002518	005320	015488	006219
000018	002600	002941	004957	003151
000019	005342	005212	003798	005574
000020	001845	001366	002632	003204
000021	001448	001104	001892	001585
000022	001509	002360	001680	002187
000023	001850	001680	001688	001590
000024	007031	004790	004591	005785
000025	006752	008269	009148	008171
000026	002775	002647	002868	002999
000027	002223	002858	003062	002782
000028	000265	000300	000450	000335
000029	000129	000131	000164	000132
000030	000093	000103	000118	000109
000031	000065	000086	000100	000098
000032	000069	000067	000085	000074
000033	000046	000069	000077	000057
000034	000030	000076	000038	000057
000035	000030	000092	000061	000051
000036	000035	000134	000047	000038
000037	000039	000230	000040	000043
000038	000026	000298	000041	000043
000039	000029	000168	000031	000039
000040	000031	000142	000045	000028
000041	000032	000158	000029	000032
000042	000019	000095	000035	000038
000043	000029	000063	000028	000028
000044	000032	000052	000035	000026
000045	000023	000036	000023	000028
000046	000024	000034	000022	000023
000047	000018	000025	000016	000015
000048	000016	000023	000012	000020
000049	000010	000018	000017	000023
000050	000013	000013	000025	000012
000051	000011	000015	000013	000015
000052	000006	000021	000014	000016
000053	000007	000021	000020	000018
000054	000009	000015	000007	000006
000055	000010	000008	000007	000014
000056	000010	000019	000008	000015
000057	000010	000010	000006	000010
000058	000012	000011	000008	000013
000059	000004	000008	000008	000014
000060	000005	000009	000005	000009
000061	000006	000009	000009	000003
000062	000006	000008	000007	000004
000063	000005	000007	000008	000008
000064	000006	000005	000007	000009
000065	000008	000006	000005	000009
000066	000004	000005	000006	000009
000067	000003	000005	000003	000005
000068	000007	000005	000009	000005
000069	000008	000009	000008	000006
000070	000001	000006	000007	000003
000071	000003	000010	000001	000003
000072	000004	000006	000002	000003
000073	000002	000004	000001	000002
000074	000002	000007	000001	000004
000075	000006	000006	000003	000002
000076	000003	000004	000004	000000
000077	000005	000008	000002	000005
000078	000005	000001	000000	000004
000079	000001	000004	000003	000002
000080	000000	000009	000004	000004
000081	000002	000005	000001	000004
000082	000002	000004	000001	000005
000083	000002	000001	000002	000004
000084	000002	000004	000003	000004
000085	000000	000003	000003	000000
000086	000003	000003	000005	000002
000087	000003	000002	000003	000003
000088	000003	000001	000003	000001
000089	000001	000002	000001	000000
000090	000001	000003	000003	000001
000091	000004	000001	000003	000005
000092	000002	000003	000000	000003
000093	000003	000005	000001	000003
000094	000003	000001	000000	000003
000095	000003	000003	000000	000001
000096	000001	000002	000001	000001
000097	000002	000004	000002	000002
000098	000002	000002	000001	000003
000099	000003	000002	000002	000003
000100	000001	000002	000001	000000
000101	000000	000004	000001	000001
000102	000002	000003	000001	000002
000103	000000	000002	000001	000002
000104	000002	000000	000002	000002
000105	000000	000005	000000	000002
000106	000002	000001	000001	000000
000107	000000	000000	000001	000002
000108	000002	000002	000002	000000
000109	000001	000002	000000	000000
000110	000002	000000	000002	000000
000111	000000	000000	000000	000002
000112	000003	000000	000000	000000
000113	000000	000001	000001	000004
000114	000000	000003	000001	000003
000115	000002	000001	000001	000000
000116	000002	000001	000003	000001
000117	000000	000001	000002	000002
000118	000001	000001	000004	000000
000119	000002	000001	000001	000000
000120	000000	000002	000002	000002
000121	000001	000002	000005	000002
000122	000001	000001	000002	000001
000123	000001	000001	000002	000002
000124	000001	000000	000003	000004
000125	000001	000000	000001	000002
000126	000001	000000	000001	000000
000127	000004	000000	000001	000001
000128	000001	000001	000001	000001
000129	000001	000000	000001	000004
000130	000001	000001	000000	000001
000131	000000	000001	000003	000000
000132	000005	000000	000000	000001
000133	000003	000000	000000	000001
000134	000003	000000	000001	000002
000135	000000	000001	000002	000001
000136	000001	000001	000002	000000
000137	000000	000001	000000	000001
000138	000001	000000	000000	000000
000139	000000	000001	000003	000000
000140	000002	000002	000000	000000
000141	000001	000002	000001	000001
000142	000001	000001	000000	000000
000143	000000	000002	000000	000002
000144	000000	000001	000001	000001
000145	000000	000000	000001	000001
000146	000001	000002	000000	000001
000147	000001	000002	000001	000000
000148	000003	000002	000002	000000
000149	000002	000002	000002	000000
000150	000000	000001	000000	000001
000151	000002	000000	000000	000003
000152	000000	000000	000000	000000
000153	000002	000000	000000	000001
000154	000001	000001	000001	000002
000155	000000	000001	000000	000002
000156	000000	000000	000000	000000
000157	000001	000002	000000	000000
000158	000001	000000	000001	000000
000159	000000	000000	000000	000001
000160	000000	000001	000000	000002
000161	000000	000001	000000	000000
000162	000000	000000	000002	000001
000163	000000	000000	000001	000002
000164	000001	000003	000001	000001
000165	000000	000000	000002	000000
000166	000000	000001	000001	000000
000167	000000	000000	000000	000000
000168	000000	000000	000000	000000
000169	000000	000001	000001	000001
000170	000000	000000	000000	000000
000171	000000	000001	000001	000000
000172	000001	000000	000001	000003
000173	000001	000001	000000	000001
000174	000000	000000	000000	000000
000175	000001	000001	000000	000001
000176	000000	000000	000000	000001
000177	000000	000000	000000	000001
000178	000001	000001	000000	000000
000179	000001	000002	000000	000001
000180	000001	000002	000000	000000
000181	000000	000000	000000	000000
000182	000001	000000	000000	000000
000183	000000	000000	000000	000000
000184	000000	000002	000000	000000
000185	000000	000000	000000	000000
000186	000000	000000	000000	000000
000187	000000	000001	000000	000000
000188	000000	000001	000000	000000
000189	000000	000001	000000	000000
000190	000000	000002	000002	000000
000191	000000	000000	000000	000000
000192	000000	000000	000000	000000
000193	000001	000000	000000	000001
000194	000000	000000	000000	000001
000195	000000	000000	000000	000000
000196	000001	000000	000000	000001
000197	000000	000001	000000	000000
000198	000000	000000	000000	000000
000199	000000	000000	000000	000001
000200	000000	000000	000000	000001
000201	000000	000001	000000	000002
000202	000001	000000	000000	000000
000203	000000	000000	000000	000000
000204	000001	000000	000001	000002
000205	000000	000000	000000	000000
000206	000000	000000	000000	000000
000207	000000	000000	000000	000000
000208	000001	000000	000000	000000
000209	000000	000000	000001	000000
000210	000000	000001	000000	000001
000211	000000	000000	000000	000000
000212	000000	000000	000000	000000
000213	000000	000000	000001	000000
000214	000000	000000	000000	000001
000215	000000	000000	000001	000000
000216	000000	000001	000000	000000
000217	000000	000000	000001	000000
000218	000000	000000	000000	000000
000219	000000	000000	000000	000001
000220	000000	000000	000000	000001
000221	000000	000001	000000	000001
000222	000000	000001	000000	000000
000223	000000	000000	000002	000000
000224	000002	000000	000000	000000
000225	000000	000000	000000	000001
000226	000000	000000	000001	000000
000227	000000	000000	000000	000000
000228	000000	000000	000000	000000
000229	000000	000000	000000	000000
000230	000000	000000	000000	000000
000231	000000	000001	000000	000000
000232	000000	000000	000000	000000
000233	000000	000001	000001	000000
000234	000000	000000	000001	000001
000235	000000	000000	000000	000000
000236	000000	000001	000000	000000
000237	000000	000001	000000	000000
000238	000000	000000	000000	000000
000239	000000	000000	000000	000002
000240	000001	000001	000000	000001
000241	000000	000000	000000	000000
000242	000000	000001	000000	000000
000243	000000	000000	000000	000000
000244	000000	000000	000000	000000
000245	000001	000001	000000	000000
000246	000000	000000	000001	000000
000247	000000	000000	000001	000000
000248	000000	000001	000000	000000
000249	000000	000001	000000	000000
000250	000000	000000	000000	000001
000251	000000	000000	000000	000000
000252	000000	000000	000000	000000
000253	000000	000000	000000	000000
000254	000000	000000	000000	000000
000255	000000	000001	000000	000000
000256	000001	000000	000000	000000
000257	000000	000000	000000	000000
000258	000000	000001	000000	000000
000259	000000	000000	000001	000000
000260	000000	000000	000000	000001
000261	000000	000000	000000	000000
000262	000000	000000	000000	000000
000263	000000	000000	000000	000000
000264	000000	000000	000000	000000
000265	000000	000000	000000	000000
000266	000000	000000	000000	000000
000267	000000	000000	000000	000000
000268	000000	000000	000000	000000
000269	000000	000000	000000	000000
000270	000000	000000	000000	000000
000271	000000	000000	000000	000000
000272	000000	000000	000000	000000
000273	000000	000000	000001	000000
000274	000000	000000	000000	000000
000275	000000	000000	000000	000000
000276	000000	000001	000000	000000
000277	000000	000000	000000	000000
000278	000000	000000	000000	000000
000279	000000	000000	000001	000000
000280	000000	000000	000000	000000
000281	000000	000000	000000	000000
000282	000000	000000	000000	000000
000283	000000	000000	000000	000000
000284	000000	000000	000000	000001
000285	000000	000000	000001	000000
000286	000000	000000	000000	000000
000287	000000	000000	000000	000000
000288	000000	000000	000000	000000
000289	000000	000000	000000	000000
000290	000000	000000	000000	000000
000291	000000	000000	000000	000000
000292	000000	000000	000000	000000
000293	000000	000000	000000	000000
000294	000000	000000	000000	000000
000295	000000	000000	000000	000000
000296	000000	000000	000000	000000
000297	000000	000000	000000	000000
000298	000000	000000	000000	000000
000299	000000	000000	000000	000000
000300	000000	000000	000000	000000
000301	000000	000000	000000	000000
000302	000000	000000	000000	000000
000303	000000	000000	000000	000000
000304	000000	000000	000000	000000
000305	000000	000000	000000	000000
000306	000000	000000	000001	000000
000307	000000	000000	000000	000000
000308	000001	000001	000000	000000
000309	000000	000000	000000	000000
000310	000000	000000	000000	000000
000311	000000	000000	000000	000001
000312	000000	000000	000000	000000
000313	000000	000000	000000	000000
000314	000000	000000	000000	000000
000315	000000	000000	000000	000000
000316	000000	000000	000000	000000
000317	000000	000000	000000	000000
000318	000000	000000	000000	000000
000319	000000	000000	000000	000000
000320	000000	000000	000000	000000
000321	000000	000000	000000	000000
000322	000000	000000	000000	000000
000323	000000	000000	000000	000000
000324	000000	000000	000000	000000
000325	000000	000000	000000	000000
000326	000000	000000	000000	000000
000327	000000	000000	000000	000000
000328	000000	000000	000000	000000
000329	000000	000001	000000	000000
000330	000000	000000	000000	000000
000331	000000	000000	000000	000000
000332	000000	000000	000000	000000
000333	000000	000000	000000	000000
000334	000000	000000	000001	000000
000335	000000	000000	000000	000000
000336	000000	000000	000000	000000
000337	000000	000000	000000	000001
000338	000000	000000	000000	000000
000339	000000	000000	000000	000000
000340	000000	000000	000000	000000
000341	000000	000000	000000	000000
000342	000000	000000	000000	000000
000343	000000	000000	000000	000000
000344	000000	000000	000000	000000
000345	000000	000000	000000	000000
000346	000000	000000	000000	000000
000347	000000	000000	000000	000000
000348	000000	000000	000000	000001
000349	000000	000000	000000	000000
000350	000000	000000	000000	000000
000351	000000	000000	000000	000000
000352	000000	000000	000000	000000
000353	000000	000000	000000	000000
000354	000000	000000	000000	000000
000355	000000	000000	000000	000000
000356	000000	000000	000000	000000
000357	000000	000000	000000	000000
000358	000000	000000	000000	000000
000359	000000	000000	000000	000000
000360	000000	000000	000000	000000
000361	000000	000000	000000	000000
000362	000000	000000	000000	000000
000363	000000	000000	000000	000000
000364	000000	000000	000000	000000
000365	000000	000000	000000	000000
000366	000000	000000	000000	000000
000367	000000	000000	000000	000000
000368	000000	000000	000000	000000
000369	000000	000000	000000	000000
000370	000000	000000	000000	000000
000371	000000	000000	000000	000000
000372	000000	000000	000000	000000
000373	000000	000000	000000	000000
000374	000000	000000	000000	000000
000375	000000	000000	000000	000000
000376	000000	000000	000000	000000
000377	000000	000000	000000	000000
000378	000000	000000	000000	000000
000379	000000	000000	000000	000000
000380	000000	000000	000000	000000
000381	000000	000000	000000	000000
000382	000000	000000	000000	000000
000383	000000	000000	000000	000000
000384	000000	000000	000000	000000
000385	000000	000000	000000	000000
000386	000000	000000	000000	000000
000387	000000	000000	000000	000000
000388	000000	000000	000000	000000
000389	000000	000000	000000	000000
000390	000000	000000	000000	000000
000391	000000	000000	000000	000000
000392	000000	000000	000000	000000
000393	000000	000000	000000	000000
000394	000000	000000	000000	000000
000395	000000	000000	000000	000000
000396	000000	000000	000000	000000
000397	000000	000000	000000	000000
000398	000000	000000	000000	000000
000399	000000	000000	000000	000000
